LLN 43 70 45 78 41
POIEIO 77 66 51 88 81
RRUKV 38 34 27 43 54
WTKP 85 76 54 80 45
MKUTNIA 63 56 37 83 85
KJUEFU 26 42 92 88 85
FGDZK 66 99 87 96 66
RSJY 80 56 33 47 42
GGNFLD 97 77 59 50 21
XFSN 99 33 59 49 50
MKGWKD 37 39 31 44 54
FEIJ 74 83 95 92 98
IHBTKID 76 41 41 49 80
JEIPRIY 88 100 45 70 21
AECF 21 70 20 23 100
ORLV 97 40 89 62 71
WTKZTNZ 50 66 48 36 28
CICAQR 70 64 78 52 21
LJGEGU 34 35 66 77 74
QMZJB 91 37 93 52 30
BTHG 58 74 98 64 38
EWD 96 75 82 38 63
PLLNFV 69 64 56 48 87
ZCYCU 46 32 60 42 86
IMRFN 69 93 43 72 52
FMZ 86 98 30 31 62
TQBY 92 22 52 31 65
FTXS 90 44 88 35 46
VKWK 97 67 45 58 82
XLXAC 64 42 25 73 94
ZFB 85 64 47 22 100
CBKLZJI 66 59 85 97 93
SDGXQ 46 64 47 100 69
QHV 37 45 96 26 87
HNFAP 37 75 42 24 21
VSQUVG 73 35 80 90 58
HWI 99 74 76 95 80
OBMIHA 66 22 93 74 97
UFBM 87 39 37 96 55
AVZ 96 48 76 46 69
OKJ 71 56 82 27 37
CZIDTPS 85 25 58 51 100
WLQWM 52 29 74 35 86
HWUOTQ 31 81 36 82 30
FMT 84 95 59 71 40
TATG 32 20 40 87 34
HXKBMY 31 91 48 86 75
GCUYE 95 46 60 48 32
YGY 28 70 58 33 87
SOXZO 36 95 63 73 46
DBZXYH 95 62 99 60 33
PBAAR 60 80 70 75 38
UOFMC 95 97 85 37 40
RPVZMU 97 55 54 75 76
FQXZCYM 23 92 87 50 85
XEBUO 93 38 93 42 99
GEAUFIP 83 85 41 20 77
WVA 58 22 72 47 79
RPI 82 69 40 63 26
BMB 71 69 25 55 35
LJY 34 71 74 64 91
JDA 46 70 30 65 66
MEFCL 25 78 76 56 75
WIP 46 60 100 46 67
JSAZ 44 97 32 92 52
XBFR 60 57 82 36 37
HCMCER 90 36 59 55 34
DLEZ 94 70 57 71 69
XQJYMV 30 74 92 21 95
CTEPL 80 98 97 21 72
XAXKWYM 23 45 61 51 35
BZOHZVG 69 62 94 82 63
VZD 20 32 98 28 52
TFDMXQT 48 91 61 97 29
THV 22 63 80 79 56
VUQ 100 91 51 21 57
NLWRPY 40 27 37 73 91
IKP 31 80 45 76 53
SJKSTG 22 60 79 39 78
IIVOJA 65 37 72 77 82
VTROVHF 98 57 97 91 25
ZZUBP 20 64 49 85 20
GUK 70 90 93 71 66
JTBL 69 27 68 79 71
ZMJVYQO 37 89 63 89 27
ZUVXT 35 61 37 28 48
PCKG 39 25 69 69 63
KWAOTX 40 88 34 41 71
QEGB 92 62 75 80 81
GUNTHIT 51 35 47 50 52
RVHQXIO 61 98 80 30 85
IZKINA 83 42 33 55 55
VVRTL 97 99 25 26 73
GSF 83 49 40 37 94
QBQRB 79 80 72 82 99
KNOJBZG 100 24 34 44 99
VFYR 32 75 29 81 76
SASA 76 32 20 72 21
WIQL 57 84 66 68 90
HTGJK 95 40 70 79 80
ABXGFJO 91 69 27 32 99
KXJWL 50 73 71 21 37
KEPTPM 35 39 30 40 77
SBYIP 26 80 79 100 33
QXJKWBX 60 97 96 87 42
RJYPE 22 87 100 100 21
UFGSYR 37 98 60 20 28
IRTMC 71 49 92 98 65
YCATVG 48 96 99 66 47
HYSIOP 48 24 32 94 40
HOXBZJ 72 59 77 24 67
JFABYWH 24 76 69 62 62
OHJ 81 93 55 92 85
XUCJHD 57 43 46 82 38
CTI 88 96 80 68 91
SOPJXX 42 78 24 87 100
SMTIRN 99 45 57 39 71
BCESBR 24 44 21 50 88
YWH 44 28 94 40 97
DJJ 81 55 73 30 40
VOBKN 84 34 68 47 54
KYFCSUZ 74 47 67 88 39
MYAL 35 51 33 63 29
MUXJYL 91 20 69 40 35
UUG 48 28 64 91 32
ZSI 21 75 29 24 47
STEO 74 27 36 50 79
KJZXN 49 40 82 62 52
EPPARL 82 45 97 39 51
LTREHTZ 87 67 41 20 77
XNCHJ 50 24 44 62 77
GSYJCMN 23 89 82 34 66
KJFUBUT 34 75 38 60 66
EVG 96 67 29 86 36
IVCRM 42 60 41 87 85
FBJ 98 47 90 56 23
DDB 77 36 59 24 23
BLAEAQ 82 92 45 94 52
GQOORFE 27 50 81 25 86
SQRG 20 51 56 70 23
ZHNXO 85 54 35 47 51
CVN 91 80 62 48 100
BQBZ 39 90 88 100 56
VNBFJRY 47 84 79 95 63
BXOVZ 54 71 34 44 35
OJAD 35 70 100 28 93
BOR 78 52 21 69 20
CLXP 38 54 99 93 100
JOVV 87 33 52 23 42
TFNNFIG 77 54 62 34 59
PDFBYKD 46 64 80 76 96
KPHPAO 56 65 39 74 58
XBECY 35 85 77 83 39
SYVLS 51 28 49 21 33
DXT 52 48 58 20 89
PKU 58 81 64 85 94
NAJJS 40 57 48 52 59
ZUTTEM 74 56 31 61 84
MOQTQ 98 75 71 100 25
NWPDYBZ 45 47 86 65 31
SABIGQ 88 94 29 49 22
BYUZP 92 42 64 36 70
KFHCM 46 76 74 73 22
ZUJ 57 68 37 67 26
FQXXBO 77 55 34 29 42
ESIU 79 68 39 84 55
EURXPW 47 30 22 81 60
VNGPQLQ 45 66 94 52 68
VJHQZ 22 25 53 40 88
RAPCURR 100 41 78 70 82
LLFY 87 20 61 50 43
QYTU 66 43 68 72 82
PBVSVC 26 23 84 75 52
SVMRC 20 77 59 72 24
CUW 35 57 61 25 96
QQDEJZ 71 83 53 42 36
HPKA 77 70 47 77 84
ADKLZWJ 41 72 71 30 54
MKZNVZU 59 91 71 93 68
MSYMXER 85 61 69 61 84
SFUL 32 41 45 25 21
EMK 24 46 97 20 49
PMN 96 96 27 97 99
ETM 74 59 62 92 53
CRQT 62 78 26 47 95
GIYCT 23 47 26 45 98
HSYMR 57 63 61 96 98
VPWEE 95 28 96 63 55
MYZN 40 71 47 49 94
ZQPCMB 27 62 78 70 36
YXH 32 99 47 35 21
RVO 50 27 31 96 97
TKHGKI 95 90 59 24 60
WRAM 66 68 75 25 78
VCEC 72 33 28 56 64
ZLCJNGY 88 56 42 25 92
JCMU 49 25 43 97 26
YENI 45 100 34 38 97
LWBQAP 93 46 49 61 92
GCM 49 70 56 44 94
RWPKIO 28 82 40 55 22
OFPPBG 37 77 28 90 43
WESSKV 32 63 89 59 51
CKTLAEJ 84 37 71 51 50
SFFEDK 94 76 23 68 43
FEEXI 88 29 59 61 84
BIXO 64 50 95 42 22
EYNNK 72 98 27 55 56
QAQ 35 83 37 78 71
FNHVTI 83 26 39 53 86
GQPET 30 37 96 56 51
CKPNH 33 60 68 73 87
MRXMK 98 81 37 59 63
XUY 32 87 57 54 100
MBUT 76 89 77 69 27
UQERV 95 87 100 80 48
PLJNUXL 75 32 81 36 94
SBXWR 62 44 95 21 34
LSAPIFT 28 68 83 71 92
YRXLJS 78 87 40 36 74
IYLJ 42 48 32 21 24
GIIONKT 71 78 98 21 43
FLCY 56 65 89 26 41
RTNNMQ 54 90 60 50 76
TNZINC 52 99 43 64 48
BOUDAWJ 84 61 49 94 38
MVIY 32 81 56 36 70
LNDZTW 56 36 25 86 36
XPUAT 47 22 35 75 42
KTP 25 80 23 70 87
CIUG 31 69 52 25 58
MZVJB 80 91 79 51 79
BHDY 28 60 99 97 90
ZNN 56 61 70 92 79
THNVCW 31 94 84 29 75
MXH 38 96 67 46 38
TUU 65 99 31 93 21
GBUNLUB 38 71 70 78 90
VBLP 71 58 63 33 56
NBU 50 59 78 79 67
ADF 60 38 76 22 70
SQUBJXF 66 66 57 72 33
NNQLXD 100 58 49 67 37
NXVQL 63 40 31 57 47
KXJF 28 54 73 32 51
BBW 77 55 98 31 56
WRCJBEI 39 51 50 69 65
RTPHJBL 54 78 45 87 78
NRQCTPN 98 54 33 56 20
SVTYQG 27 39 64 54 39
ZFN 47 87 74 82 55
MCRHD 26 88 91 27 96
QKSZVSQ 65 27 89 96 98
ZDBBK 23 87 95 74 41
SQUYM 91 47 35 48 53
CJITDCL 54 65 78 85 20
OMR 71 27 61 81 57
NYWKZ 81 58 97 88 76
KXHTYF 75 92 29 65 55
NVMR 93 67 50 68 72
EEIAZC 44 38 67 98 37
BHGU 53 77 93 74 52
UGH 38 31 86 20 36
VGSXV 55 67 31 32 53
HZVKOCE 73 28 60 24 95
ABQJFY 80 37 39 57 93
FCKF 38 82 66 58 47
KSQQU 42 23 64 31 65
WDF 48 88 45 49 91
BHBGDLN 50 49 91 67 96
UNTENY 43 56 52 67 61
PSPGQ 65 39 27 94 58
CMCX 46 58 87 65 86
QBCNDRS 99 53 31 64 83
FODIFB 97 29 21 23 30
NXJMZZ 80 89 26 69 77
QWB 43 31 25 83 85
WDB 87 52 89 35 72
ARHMGZ 46 43 55 71 51
JQK 82 26 99 20 96
LFCBXZC 54 61 73 89 26
TEW 95 92 22 50 72
DAPJ 21 26 48 73 100
QSQLDIP 90 49 63 96 63
AEGRAOS 91 82 64 38 53
SKHTFMP 72 52 60 78 68
LWKLSVV 33 91 94 91 83
HJL 67 55 88 56 39
OCEKGMD 89 86 56 82 36
EGNWSV 22 20 85 63 75
WIGFSQF 22 69 85 74 20
OAKQ 94 48 53 74 56
ULPSBRF 71 54 87 68 56
XZRZJX 82 37 22 34 56
MIKCQW 33 43 83 84 95
SSXS 37 75 64 75 75
HVWFYOH 75 65 52 54 56
KHZ 83 73 74 48 100
QOYL 69 40 47 37 33
ZTN 62 77 93 33 44
AFIO 21 54 65 56 25
ALIP 61 43 44 23 91
MWHRVQZ 62 95 35 30 59
DBZIGWU 97 43 40 29 41
XYTXHNL 40 23 42 78 97
UCNQ 89 25 74 95 88
TBPIXSU 70 85 76 93 93
GSFXMOA 33 66 34 44 49
MZMTTAZ 73 79 89 42 72
UQMKM 70 92 71 70 85
HOUQ 90 54 94 46 90
HRH 87 76 40 34 68
NLWKVPV 30 23 79 38 37
XKVETH 65 65 21 44 96
CFINCRN 55 95 72 78 89
FXKQW 65 93 55 73 67
YMOCL 73 77 51 100 74
RCZ 25 40 64 34 50
EXEV 90 73 34 30 42
HJO 50 57 81 71 66
CDYBTR 25 63 23 60 53
BNUJP 79 39 42 51 60
KYWMBZP 75 57 25 96 70
PHERSQP 34 40 79 71 55
IUAUXNC 59 47 83 90 24
BSGH 74 32 31 74 32
AJL 56 40 38 49 85
AMN 98 76 69 74 68
VRWOOE 60 31 52 75 100
YZAHK 40 64 88 75 49
PUTITNS 97 65 72 37 65
FLXBIBR 27 76 54 81 41
KYSBV 60 76 35 48 41
DZC 82 71 40 62 32
CTAV 71 100 93 76 88
EXDXOS 38 52 29 68 66
TGO 74 67 74 96 40
TQJTDB 20 56 31 60 66
FWSVDON 58 39 74 36 86
QXFRC 99 57 92 60 41
CIEFWOP 25 37 98 75 93
NXLS 66 53 21 62 24
SPQSJLP 38 58 28 82 36
CRFFOKJ 28 77 34 89 54
TQL 87 29 64 23 85
KJQA 42 83 49 21 61
EBAZ 99 62 95 67 51
PPIEW 64 24 75 82 28
INF 72 35 61 50 47
EGASNOU 95 33 85 31 88
TAB 55 100 97 72 21
SCG 46 51 29 47 47
QNVI 42 45 30 91 62
KTETZLY 82 70 85 23 47
OPIOOEV 94 37 71 91 69
NKOB 25 65 38 67 40
HKZG 90 63 46 66 75
RHH 42 62 32 84 37
EBIQQ 23 58 30 87 29
BIUZSTP 54 39 30 60 65
LIFN 68 86 35 95 25
OCE 81 23 95 71 65
FFHUQDH 29 44 73 31 48
HAFUY 73 45 35 30 41
ZRBG 22 81 41 53 69
DPYT 37 94 49 82 65
LVJJW 58 59 83 67 67
TJGCHEZ 75 84 88 48 72
ESE 43 80 100 76 91
WVXDUDI 26 81 97 44 46
JIJJOOU 30 94 97 66 51
ACBQM 100 50 63 57 72
BPJ 92 51 63 64 33
PEUYGQM 36 92 31 73 55
CHIZVK 89 44 71 41 100
CJWXZ 52 84 37 71 79
CPEOIF 31 74 46 74 27
MTA 32 95 37 66 42
VIUPXRA 20 72 83 39 65
ASTLL 30 73 44 43 66
RJK 48 68 42 74 50
SSMSFEL 24 22 94 91 93
FQW 43 60 58 75 86
OEYDLCX 46 28 46 28 84
RMI 99 42 24 34 29
IKXREG 59 40 28 93 59
GCHTI 55 47 87 74 54
FBVVGD 42 20 50 30 100
CCKZ 26 97 74 40 24
ZEY 59 52 77 63 91
WMOJF 96 73 62 87 34
ZEG 83 75 31 35 97
EMSWZ 35 98 20 66 55
YGZX 53 29 69 92 29
JXTWF 23 91 24 38 88
ZLLPIIR 88 60 91 86 71
WVXVQP 30 39 41 73 64
AZANC 28 49 81 54 38
RSXFSP 89 32 44 35 31
XLHRKVB 100 44 43 53 59
OWTDJS 34 63 88 32 26
PNZKL 100 47 55 71 35
NCCB 44 29 51 42 57
OOIJS 40 91 72 49 27
UJGEDJR 30 38 54 60 43
KBK 82 90 91 20 91
OVKPCWF 42 51 43 86 21
OJOWS 68 33 94 80 61
IMDRLZZ 70 28 90 47 59
JRVJHJ 58 35 52 58 95
NTZLH 57 49 93 62 77
DBIGCK 58 71 93 25 46
AKST 77 35 55 20 68
KJJNZP 78 53 74 42 31
XYJGV 87 51 79 40 40
TFOKWM 81 80 66 94 83
SSYRDR 32 86 26 40 92
PIZURDJ 99 62 88 93 55
PAPTTF 97 56 35 23 55
DUZN 27 45 41 23 49
LFXWCXC 41 60 58 24 38
JVYDOHX 36 29 40 29 98
QICXN 28 60 98 28 88
PYKD 73 63 35 68 55
COSSDC 53 42 50 45 66
ULYXHNV 82 66 86 44 38
YIQU 34 81 78 44 90
WTQP 66 24 79 55 53
KDQG 22 71 72 70 58
OWAM 100 34 95 35 98
WBVAVSF 44 59 54 37 69
AWUFT 83 46 37 30 29
CXDDZNB 62 59 71 77 72
AYCIBS 70 40 73 87 49
CERUWW 23 45 48 82 85
KPL 87 34 37 23 38
ATTUCM 77 41 20 86 40
DZMB 40 67 32 72 76
MCA 57 76 81 27 43
XIK 54 70 67 72 35
XCJG 55 53 92 68 20
OFQA 97 53 23 71 87
WLTIROJ 40 41 74 41 79
RVCTMUW 72 27 88 48 79
FIC 39 29 52 94 32
GRXK 53 26 42 20 40
DMRXXPM 20 40 94 100 61
ZNGZM 94 46 63 75 64
GRZCP 76 56 50 85 66
KLBQU 83 28 69 27 81
OYHUH 98 47 82 60 23
ODTXJOY 88 68 42 83 44
ADZCOA 79 79 74 71 35
DSTTXV 23 26 50 69 80
HRADC 31 96 48 40 81
SSM 84 47 76 30 55
OIACY 91 67 73 95 73
NRVF 91 21 66 51 79
ZOD 63 79 67 71 92
WCCRV 72 50 40 37 68
PFSFY 47 58 39 21 59
ZZG 34 46 32 81 77
MJTCVW 73 34 27 80 57
GYN 36 81 83 76 92
IELHQG 58 41 33 32 64
NLPYAW 98 99 49 71 98
RFVHUKE 42 64 98 32 35
IOISO 69 21 34 28 48
FANZGW 28 62 66 52 35
WDR 67 26 100 59 45
NYG 69 97 52 21 26
VRGF 46 81 80 53 62
PWPXG 76 79 68 79 86
EATK 54 86 78 80 86
ICCPS 43 21 55 64 53
WIWW 57 87 75 28 39
SKXBZV 32 59 38 61 67
QWHZV 81 92 36 89 29
IWOHH 32 22 51 42 24
OYVNSHO 74 58 68 60 68
HLQLXQB 72 24 47 60 97
HSDDMTC 83 70 95 54 68
DPDZEW 98 61 66 88 40
XJLSNM 37 48 30 27 89
FPQB 76 79 56 89 48
BSY 98 54 62 82 43
KVACE 100 70 40 81 88
CHXTFB 37 100 78 24 57
YTJI 66 100 78 95 59
ZGSEONS 95 89 86 27 37
YHU 71 83 76 26 89
MRUHXT 51 98 67 48 38
CNLUBCY 37 31 65 90 41
XMWQ 28 85 84 45 68
POS 40 79 21 33 87
SDW 94 81 40 47 46
NBOHXVL 93 35 100 65 94
NRVEIYM 66 27 62 55 85
HXCNRFT 82 39 91 91 79
LECRPB 47 58 27 94 23
GRB 64 30 56 91 100
ZJAKPAO 49 91 91 28 85
ULDBSAU 38 71 45 95 83
QHQLUH 64 35 74 84 93
INH 92 99 73 88 24
JYFHY 81 45 38 49 54
ZBQUAIH 59 46 87 64 99
DCUNJ 90 96 47 36 80
AMFFVQQ 62 70 23 35 88
MFF 25 21 44 38 31
QPLRE 62 46 28 27 90
TIVQ 28 34 21 99 65
VNV 65 25 33 81 62
GIXK 63 72 82 37 54
LTUUJDN 69 63 54 51 65
VHTOOBT 58 33 99 66 61
VQGVKFJ 79 26 84 41 69
VJIGLAM 86 83 85 74 26
PUHS 86 66 34 67 21
FQHSIC 84 33 46 51 71
EGQ 84 91 62 56 29
REZKY 63 59 85 72 40
TZPP 85 61 40 80 85
OQZ 39 71 99 57 93
VPGUB 28 51 69 60 55
HOJXW 87 82 66 33 78
HCFEG 46 90 32 46 100
JYC 80 41 99 39 80
PLPWOV 22 61 32 53 34
NEIFS 63 80 84 73 20
JLZKUEY 45 40 67 83 29
PVFOS 28 46 96 80 60
XNBKW 70 46 95 75 87
TITVA 95 45 72 57 80
HVFVTPS 39 22 36 86 66
PWTJFQA 66 31 64 66 63
RJIUD 20 71 88 93 27
XNX 30 29 41 52 93
SUVVHWM 94 66 46 54 41
CSSQRWW 82 51 80 40 66
GUD 76 24 77 55 49
SEDYCYX 88 78 83 97 29
SLGUPD 70 87 37 100 22
GIPAE 54 23 32 94 48
BGR 24 25 92 85 87
MICXR 95 28 26 50 54
WFGVYP 28 87 36 59 76
UJYXIQD 57 98 27 27 28
UMAJDCC 69 92 38 60 80
NFJ 63 67 62 50 96
RLVFF 54 46 42 34 90
HHYGE 54 47 33 70 33
KCJGDGU 46 52 95 35 83
QQF 35 27 72 66 86
KWW 47 91 77 100 91
JFLPVHJ 36 23 54 86 86
DFBHMFH 31 21 43 100 58
NSQOOD 21 75 38 31 89
DAIUHDR 20 41 34 74 83
TGWQ 21 27 21 44 26
LSUPATT 98 25 49 65 35
RHWSQY 97 24 60 70 42
GOSM 33 66 61 96 29
LHMIT 70 24 68 33 77
YBNCYQ 41 28 67 44 45
AMNRIXS 74 86 22 51 54
BRB 24 66 49 79 28
XESJ 41 22 81 72 64
VUKNEDQ 79 33 41 57 91
OHZYR 23 87 93 80 52
EFC 36 76 65 49 55
KERHG 63 40 45 91 51
OEFJWUS 25 24 96 73 44
QGTAP 75 45 74 88 30
TJF 61 28 49 64 78
ZFZWN 39 92 62 95 30
MBXA 94 87 91 91 78
ESGXYKI 21 23 81 54 97
PPHPHQ 82 88 54 63 28
NVEQRJK 91 74 56 35 45
XFNFWF 74 24 88 75 64
WVW 49 41 45 70 32
VGYTFQC 57 76 85 64 83
PDN 49 25 33 69 50
JOD 53 22 34 55 28
NPR 42 82 78 32 41
ERR 42 96 35 55 80
VQRUEBK 25 28 46 91 45
AUZASZ 78 52 20 51 89
DBGIF 76 94 72 58 46
XWWE 38 26 97 82 49
GYXZ 40 42 87 98 51
ZCE 21 85 100 50 24
WLSXXJ 49 49 22 69 60
UVYZUP 38 95 96 100 65
DSVN 81 23 25 30 55
BOA 31 83 73 49 26
AQAM 51 77 54 99 20
RUM 65 33 88 88 91
TFDCX 22 25 73 35 48
OMJRYSB 98 20 66 41 24
QQTPYG 58 85 65 59 37
GLHZHWS 86 59 28 20 66
GATMN 87 20 26 99 86
KNZQZMD 22 87 72 24 76
MOTDHRF 64 59 44 87 40
HNAV 59 37 91 98 62
HQGPVYL 85 28 22 40 52
FUT 75 48 68 55 39
DCXYA 67 91 20 22 78
HQUGVCQ 35 23 68 99 34
BMEXAH 31 27 70 74 22
XRV 64 62 47 77 84
IWC 20 27 29 94 92
BTL 70 66 64 80 37
XOWKXSR 81 78 63 20 54
AEFLYRJ 34 29 76 35 52
HUYN 82 24 94 63 42
WXHLIM 86 76 63 49 62
EJK 64 100 41 65 95
SHDZ 61 68 23 55 52
WEF 95 41 67 67 52
HKFPDG 34 86 22 23 49
TKSPAS 59 78 27 39 51
PNBVR 100 71 65 95 99
XUVFT 25 38 64 52 81
EYJSLL 62 98 43 31 52
GHE 62 97 63 81 81
EVBOA 30 33 32 65 26
VXBJS 75 70 75 31 51
WFYPY 37 76 68 83 22
CSBIIBV 74 23 37 32 83
KIDJH 47 95 47 38 91
TETMK 99 94 57 95 56
TZK 55 72 96 67 40
EDBRUHO 70 45 53 55 26
OGTUN 73 93 78 84 87
SEUXNXL 84 87 26 59 56
PZMAUIP 46 40 63 62 36
ZXGXAY 91 98 94 82 46
NZBBU 24 85 21 97 99
XGHE 64 96 68 74 64
QYTKBJM 54 88 93 92 72
DQVNFG 45 75 81 27 48
BRJ 23 56 35 39 48
HVZCMMD 33 28 44 41 33
FADQ 75 85 87 63 42
MUTJPOS 80 77 44 35 54
HSOTACN 55 87 82 54 98
TBWZX 98 61 38 95 55
GEVT 24 85 91 61 80
UVMQLIQ 99 98 98 98 75
QADNFGA 22 42 100 27 23
ZWEC 82 83 57 95 58
RVIASAO 95 26 87 20 48
NVKIXDM 35 55 21 84 30
YRFHRBX 28 56 68 22 87
FDWCEU 70 34 78 57 67
YSGI 38 80 74 56 43
JWX 91 28 75 62 46
YWHWCO 51 90 75 34 31
LZQ 95 34 63 82 32
LFYX 52 70 54 82 93
QWFP 71 40 63 48 74
AHCE 57 49 77 32 65
TCIRO 21 30 88 47 44
JAEDBSA 45 28 77 25 95
NYLHK 89 83 92 43 22
OSIZSH 67 65 22 66 94
EXUP 21 60 64 97 35
LLCUQ 67 94 64 79 70
DNYC 90 25 57 91 48
ZBV 59 58 78 25 20
UZMVO 92 44 62 50 79
RVRQHSL 41 77 82 88 87
GXGZBJD 36 71 43 47 74
MESZPF 77 37 30 23 78
EIVMQYU 99 93 96 39 35
FARBRZQ 43 36 60 32 28
WIK 78 84 29 89 58
MAQJ 53 88 29 45 55
VCA 40 89 100 78 41
GLRFL 92 77 63 36 80
VULWLL 61 58 63 82 60
GWADBJ 69 63 46 92 98
SGA 44 37 53 97 53
CUYDR 62 47 67 84 72
LBDYUDH 100 76 39 25 74
OXMFVQ 62 51 35 37 63
JXHI 74 55 79 25 56
JNOXG 43 59 57 25 72
PMUB 92 92 83 30 83
AWOBCV 80 70 57 51 46
WTLK 55 95 37 36 95
ECJRWDW 92 76 32 75 87
YSN 27 35 95 78 95
GFRVGIW 53 34 87 31 93
KDSL 33 21 55 46 76
ZBI 94 38 24 91 68
SJHLKP 55 36 41 31 47
MITKQO 30 91 20 39 27
JMJQGOZ 65 46 60 64 26
KXL 88 76 61 21 83
GUANHI 77 23 99 39 23
WCDIPM 99 95 61 97 46
QKAHXLA 99 51 66 20 51
JENS 85 34 62 54 99
GTO 66 86 34 72 72
MRQIWZ 75 58 22 66 56
IXEQ 37 74 39 69 62
MYFZHRG 66 37 61 35 53
ZJYKX 89 23 60 48 97
CRQHVA 35 53 74 36 77
JSE 80 55 96 60 37
HOBDG 85 71 85 41 77
ION 76 70 39 25 89
RCGE 54 38 83 43 63
UOMN 98 65 35 28 84
PWXPOE 49 92 94 77 80
IDYEFUL 98 51 47 80 26
IMMMS 41 25 54 73 54
RJBKTZY 43 23 41 71 28
KZV 86 41 78 33 88
RZHO 58 55 74 68 89
WAEY 28 25 29 70 27
VJT 32 31 51 47 59
JWVPS 46 94 93 86 50
AHROH 29 67 64 34 45
PUCMZ 40 25 61 56 39
JZDMKI 90 67 90 27 89
BBXEX 93 60 60 98 30
KQPNTA 44 73 27 82 47
HRRXRB 23 96 100 58 53
EIV 73 42 76 28 45
THHH 24 95 70 49 63
MCF 86 57 50 97 76
GVIMUN 50 84 79 57 38
TENRAYR 75 52 27 40 92
SFFS 43 80 73 33 43
JCGPU 93 59 73 71 77
NASEXW 30 45 28 52 98
CWL 22 84 54 84 20
WHTJ 42 60 77 90 26
HLREK 98 67 68 95 35
KOTCP 36 21 29 77 88
KIXK 38 78 56 68 80
OGILA 74 71 56 68 100
TXFDJ 51 54 30 80 89
JEG 36 36 98 79 38
XELZSCL 83 80 80 72 79
BKDUHL 92 41 62 85 57
PKY 77 61 85 74 78
SRROP 91 28 69 79 36
LDILM 26 31 24 30 56
QFX 51 69 98 35 75
TNETQU 71 100 34 85 95
VNXLYJ 49 53 94 53 86
UKGAEIZ 99 58 61 46 55
HIFZPEH 23 24 60 28 68
ANHGW 82 35 46 98 91
CLMMATA 63 44 91 39 56
MXFYHN 54 21 96 51 40
ZIY 98 94 48 76 90
TVXEJ 95 33 88 87 40
ZFTAS 45 26 85 40 48
UJAXTS 100 44 51 38 27
KFD 47 57 58 35 87
QNABXP 58 84 85 75 87
GDD 63 20 23 86 35
WENBKP 69 44 50 49 94
KRSCEFQ 60 80 94 49 86
IGXX 59 47 65 54 55
LMJAGN 67 42 53 59 73
BSIW 61 84 88 77 90
FAJX 20 59 81 47 83
YHA 64 46 78 59 65
YRHHS 40 72 66 77 27
QFBDSDB 74 25 65 30 70
GUMM 99 93 91 99 28
HWTGSKA 20 48 79 80 39
MWB 36 99 59 31 54
TSHSO 78 32 79 73 82
ESHBN 20 27 80 88 82
AHZWCWY 65 26 85 99 44
EKSGLFP 96 73 63 93 61
AOPM 39 35 64 51 37
RQZOEN 97 39 83 26 35
ICMUTXB 21 57 46 23 60
XVX 40 37 93 93 56
BQQ 32 95 25 40 93
PNOYD 96 70 82 70 98
SCBFE 33 42 87 40 93
OLOUQGC 70 42 54 60 100
DGKJAHY 35 94 37 79 77
UEEHTL 23 51 43 99 99
VJJDA 53 58 72 23 27
MOU 83 74 31 27 41
PWYFL 92 77 85 52 36
PJK 81 78 38 55 91
LKFPBLL 68 97 80 99 96
JEOC 26 63 32 37 23
QTGTG 32 72 30 89 55
YTNXH 34 61 45 40 33
LDUX 58 89 99 47 89
DYII 41 28 49 56 77
PUC 69 88 40 52 37
RWKA 46 46 48 40 90
IEYX 66 29 56 34 65
RUJ 70 89 62 48 40
BQNP 93 51 44 35 83
MBZLA 23 46 91 49 83
MJNT 71 49 69 93 32
BUNPJWT 55 86 66 98 98
SGDOQ 30 31 73 51 69
QLNR 37 95 22 75 20
KSQ 68 95 60 22 62
PMXLA 29 40 86 80 32
MKR 43 77 49 99 38
GDTMQTL 79 98 61 81 93
FSQXU 75 37 78 39 54
GRNTTR 49 87 31 46 30
DTDVMQ 38 83 72 25 42
RZH 31 60 45 96 36
APMHX 98 54 69 96 59
QEX 38 48 78 77 29
DTC 84 100 21 88 61
VNIPSGZ 21 42 56 27 56
ILPN 21 67 25 24 77
IUGV 84 30 81 85 63
GMKXRXU 41 86 93 60 69
XKKDHKJ 37 30 23 95 94
YVBGF 85 91 45 78 74
ZBKSBZQ 77 46 34 30 28
PKC 36 53 90 84 75
HHGTGX 52 89 88 89 34
NRSDEC 57 79 42 57 99
YLXF 63 51 42 75 64
RKXXOFX 35 82 25 76 60
YQFUY 78 67 59 20 40
CTXSSW 22 76 24 69 84
HPR 91 56 31 25 39
UQCUKZH 73 89 26 30 56
OSLBTP 22 64 42 66 51
EFTKSFA 79 54 82 90 85
WBQPVH 53 73 51 78 21
KDI 31 44 53 32 28
OTAZEBU 73 73 93 47 89
NYHBTCG 36 25 96 69 88
ACDH 84 90 57 47 93
FTNDKDT 55 44 26 79 27
TRCPYW 74 59 42 33 28
GUO 72 83 83 39 88
LNHZFXP 27 62 75 27 81
FZJZU 64 47 49 23 50
ODKPJJ 77 46 68 26 78
XJUTK 49 62 43 66 85
FLCRXCK 29 72 80 67 88
NME 84 33 50 44 77
BAMX 58 97 84 53 33
LQHN 23 67 72 30 71
YARRKCD 46 70 53 34 32
ENYXHD 29 68 20 87 42
NGON 34 95 95 78 59
MUVY 51 20 47 61 47
SKBJM 71 50 61 35 21
CPUGQZ 87 34 62 34 55
GLTL 85 77 51 22 70
BOCD 92 79 58 67 77
XIOA 29 51 92 86 78
AEL 83 62 27 79 36
FFV 94 36 96 34 70
MWBXT 33 64 94 24 66
QQYH 86 87 54 100 21
OGD 32 30 30 77 33
TTG 84 42 24 31 26
MWWM 57 62 90 31 30
AOIYIGO 55 44 40 90 88
DTKZS 90 55 66 69 32
KMTBY 53 85 98 91 79
VKIC 30 65 47 51 32
OPJAOLI 27 43 93 68 80
MVWUH 94 92 23 25 26
DSBIHSB 21 78 32 60 44
VBBX 93 51 77 62 33
FMCZPDN 71 39 33 75 100
RCSDYJ 36 21 28 95 48
QTVV 80 44 46 30 28
GDD 30 22 35 74 81
UHE 99 86 97 34 67
WNVJG 43 28 89 63 92
FLIN 86 78 82 61 65
QTKHHD 71 29 55 90 78
DLCHATC 59 50 52 38 33
TSMHRNB 83 58 40 65 90
PNXF 73 96 85 25 87
GMVI 67 64 34 50 99
YDMIRP 41 98 57 44 61
MFT 94 91 77 82 61
CYZCLOZ 34 27 24 64 75
VAQNH 55 30 72 89 38
DCWRH 71 95 71 64 25
JKT 25 39 47 31 58
TUVFIW 67 92 70 93 40
AEZLZRH 74 78 22 24 56
ZQVHFA 23 35 96 78 25
SCXA 74 23 80 36 25
ZLHS 86 34 60 34 20
VCJ 27 88 93 42 53
BSFZGGZ 42 61 25 94 61
HIT 93 74 56 23 45
VGM 42 38 67 65 96
ZAAOBJ 27 89 83 83 97
TCCO 100 27 98 80 26
KJKY 34 71 48 50 89
OGW 96 30 21 51 61
WNBGNK 35 49 47 95 60
RQHD 39 65 52 30 51
VAN 39 23 41 41 86
GDGS 37 41 90 29 100
DLX 90 67 70 97 53
FBPBQCK 79 61 100 89 91
WXCJPXH 56 92 24 87 76
ERJQENR 24 41 53 37 76
HKYD 85 49 24 51 68
NNAYJIZ 80 66 72 29 56
PFK 30 67 93 89 34
MQPK 34 26 27 58 94
OXSHIY 57 42 52 35 53
TMHLSP 29 100 51 59 54
HSUICK 30 84 30 94 35
OZCZ 33 62 71 92 96
ORKZ 99 58 56 77 27
MMG 93 80 58 64 46
LQPQFC 52 59 56 38 37
TQH 26 79 95 47 88
JTF 41 43 70 90 22
GNR 66 87 62 91 86
RFH 28 33 42 76 42
AWEEG 61 61 52 80 58
JFIWVL 64 77 64 84 38
UBEZTYN 82 51 48 36 37
NLT 62 59 33 91 30
SXNAQTS 39 67 58 87 45
SFY 35 79 45 97 32
AMQVYB 52 85 45 43 49
ECVUFGZ 78 43 70 66 28
AITAW 73 65 29 65 49
QGJAHJ 61 87 66 56 55
AXX 27 21 27 36 63
BVBZNF 68 86 98 59 41
CTLGBB 95 96 65 71 55
BUN 75 79 49 47 65
HDRM 23 99 67 45 34
UVVXLR 50 34 83 34 100
BJINWY 77 98 41 38 46
IYKZ 56 72 63 47 52
UNG 20 96 54 57 56
JLAAUA 38 50 53 59 38
PFYK 81 58 81 78 91
DJQDFVA 61 81 72 82 81
QAJESYR 66 44 23 73 32
COT 42 24 42 72 54
ZWAWWBH 98 90 50 84 58
FNJ 91 60 50 77 95
AEW 81 81 54 79 55
WSQVMEQ 42 21 37 75 64
EYZQ 57 78 46 21 72
KTG 29 35 36 97 45
KYRIH 99 72 77 79 56
KVS 65 90 42 77 99
UGPVA 71 87 23 87 25
HKVD 67 100 87 28 29
NMKHS 92 44 78 85 28
RPLQ 47 91 46 41 33
MGYKIX 47 47 34 34 94
QUS 23 72 79 100 64
VTK 34 51 33 40 62
EWEKQ 76 99 74 36 75
RYEUM 76 84 97 52 39
JNG 56 93 35 90 29
IEM 74 35 49 66 44
IODFVS 61 93 34 76 62
XUCAUB 35 24 92 80 26
SZLAQME 73 41 91 33 69
UZFI 21 69 28 76 91
SESCYYC 86 49 45 70 80
ZPD 44 22 41 71 89
HYX 80 65 76 45 38
PVLYYL 81 47 92 63 51
JEFUFK 100 92 75 46 24
BZH 40 45 58 27 92
TCMLAQ 94 95 93 69 93
LJEG 72 84 33 75 91
EELA 39 80 95 79 26
DVOW 94 88 72 43 92
ZPJHNO 47 65 42 22 81
PKHHJCH 51 24 91 73 27
EDMYJ 21 71 74 34 82
HTXNAJ 66 76 68 32 85
EJONX 75 50 59 72 34