MODT 73 90 88 68 99
CHTU 80 99 72 71 61
YJJI 87 74 95 68 80
XIBEAOP 73 86 91 62 86
ARSIQUC 89 74 68 73 99
MNCN 74 90 73 63 69
GJRX 63 88 81 91 63
BERHWPM 100 64 81 85 67
QXSBH 77 74 84 86 79
ROSJX 68 86 62 71 71
YEU 99 98 87 96 90
KRBIPBZ 71 94 80 71 91
MBYJ 73 62 78 60 84
XNENN 62 98 87 84 84
UBOMP 64 84 93 84 96
HMSLYJ 66 90 90 68 98
MRJD 99 97 97 97 64
CMHM 95 100 94 71 100
TCQFQBS 79 88 74 81 90
UWDPFU 78 63 97 93 79
KIVYE 92 92 94 100 66
NVE 89 89 61 72 64
MSRJPBA 72 77 88 62 75
BZAUUOC 65 98 72 61 92
FXLMHG 68 62 99 76 65
OAI 63 97 91 69 62
ISB 89 81 100 60 88
TCNJMM 75 77 95 60 76
FMI 65 91 61 61 87
GIKDAI 90 67 77 65 99
VCW 95 90 96 78 88
OMRGX 72 68 65 85 83
RXZ 65 90 65 77 63
PQH 72 95 63 71 66
TDYWRG 96 95 67 71 65
KQOSO 82 85 62 78 76
KGVU 67 98 99 77 96
LYTEO 74 71 97 98 61
RXMZ 89 100 60 97 66
ASOSONC 79 79 72 80 78
PKRJM 72 85 94 92 82
KJUJ 94 93 91 83 90
AUUQ 95 63 70 69 74
VQII 64 98 70 91 70
THOOJJ 84 71 76 87 84
HGXUTVV 87 84 69 86 86
XGQ 77 79 91 79 76
CEC 89 80 64 73 78
XJOJK 71 98 100 70 73
JRA 63 90 67 82 94
OZXMOUO 97 88 72 63 94
RSZBE 69 86 88 85 95
TGVH 73 71 85 87 62
EJRKB 92 75 65 67 93
IRSO 64 65 90 76 62
QRPVE 68 88 79 64 99
WEAWA 80 88 70 94 93
RJMQ 60 91 83 73 81
IOHADNS 61 100 82 83 66
PSXJYT 64 77 91 70 65
YGB 84 90 78 75 60
YYS 95 92 95 88 70
YVH 66 88 100 94 77
DDCECI 89 79 62 65 61
HMGBJPS 76 78 76 79 69
YETM 66 82 78 82 66
AULNS 90 66 96 99 85
INFUDAH 66 93 85 89 93
JTCK 68 76 92 74 67
AZQ 79 74 72 90 100
ZMPDUH 78 100 75 98 81
YCLHB 67 82 87 88 85
WESCIG 85 82 65 95 71
ZXMOM 84 82 61 64 89
FDWZA 70 68 63 78 100
BBHEO 68 81 88 93 72
ZDS 65 74 88 73 84
OEFOVZ 74 86 92 78 98
WRTPKI 71 94 70 85 67
KGFYAF 100 77 69 90 95
JQDNXI 68 89 91 70 69
DEVUVF 100 80 62 62 88
KHMWZ 100 76 63 78 89
ZZVDIR 84 60 82 79 90
XKNIOMP 89 84 85 80 100
KYRQ 79 86 82 71 69
WXPQAJK 100 86 65 76 74
IDKKSB 65 71 73 72 97
OMV 63 70 97 95 89
SZCMO 66 69 70 61 87
FUKZOS 89 67 74 78 62
QIJRT 98 84 81 95 98
LXY 81 62 80 94 79
TYZQ 89 85 90 74 76
INSTSKL 60 73 77 64 66
GGIEFA 94 63 62 78 76
PUF 99 61 65 64 75
NNCOS 65 72 65 92 86
GVXWQSM 76 97 62 71 90
BLRYAS 93 70 79 65 89
AQOOMSQ 65 87 85 75 73
MRKFPL 65 74 63 86 71
AXY 74 72 72 64 63
NTDGOKK 88 85 78 66 97
WULRQZC 80 93 84 66 75
LCXOZPO 75 95 92 87 76
FKQRNA 95 63 62 67 92
OCWIITH 100 64 76 63 93
NVPCJDA 84 62 70 74 81
PBZK 77 89 81 63 83
LADMDC 83 93 62 84 63
XYPPEV 81 95 71 80 78
GKMPDAD 90 83 67 90 84
HHAP 95 81 74 84 73
BSST 61 87 100 65 72
XCBKTR 64 60 89 76 81
PEDTMA 85 63 95 78 87
IFSV 87 76 89 77 89
KLR 99 60 64 65 60
BHLNUL 86 60 73 61 91
YQZ 83 68 72 78 87
UCVWRS 91 72 79 61 67
ZAHE 96 61 61 90 95
DDECNXR 67 86 96 81 67
XNUNIN 77 78 89 88 94
JHIT 60 69 96 65 69
QMWAXC 79 78 68 69 83
QXROGJF 98 60 100 65 74
TMJIWR 78 94 95 87 96
AXVNPWT 60 98 75 71 91
MYDCGH 88 98 94 81 61
AGKXAXI 82 97 64 90 80
VZZMXYT 98 88 100 73 95
VZK 92 81 79 83 75
SWEITQC 75 91 81 90 99
BCIMJ 95 93 84 80 98
AVFUU 100 73 61 77 84
IWOF 74 78 66 74 65
OEA 73 69 97 80 94
SAGY 81 66 95 96 72
TFKLFBM 76 100 63 98 82
YHC 63 64 79 69 79
ENCMFU 61 77 90 84 73
DLA 80 76 90 68 73
BLCHEG 83 75 64 81 89
PIU 81 86 88 88 95
EVAISMY 69 75 99 88 71
AXMFCRJ 95 67 67 96 94
ZPLXFF 86 84 86 98 95
AWFAWC 94 93 69 83 90
IOBA 66 76 66 77 94
XERDZF 76 84 77 62 67
IBITHCL 90 79 73 62 70
CIGLIG 64 75 79 72 71
PCJ 64 97 100 67 66
KWO 68 95 90 70 84
HPJJQ 81 83 95 66 74
NFGPW 97 93 95 67 82
DBIQVDX 77 67 69 83 78
TUO 92 99 74 97 87
PJEKYDK 63 61 90 95 65
DFJ 98 68 94 89 64
TSB 79 100 76 81 76
QSNE 62 93 72 97 78
DQCYYF 86 85 62 92 81
GIZYS 100 85 76 61 76
HTQ 82 80 98 82 63
FZGVFNX 73 67 87 65 86
DAXOP 66 90 84 75 78
GSUAZ 71 86 84 81 99
FXEBSM 80 69 81 84 76
RIVC 71 79 91 76 72
URM 64 73 88 83 95
AVIVFQ 71 87 83 72 87
ICHCT 84 82 74 66 74
ROIK 60 74 88 81 67
MWS 63 75 81 93 88
YCR 64 94 93 73 78
TYPUH 75 64 79 94 94
INNU 96 97 87 100 91
AYMCVO 81 84 61 64 85
IYPRC 86 71 93 67 81
HDIE 90 75 63 68 91
REQPYMU 70 72 99 83 86
VXQPW 69 71 72 75 74
PQOV 96 63 72 65 75
OBAVFKR 94 66 64 84 84
RDENLVC 95 67 100 95 87
CCZJ 62 70 98 85 66
EUSAH 98 69 62 67 94
PZSWEC 67 64 86 67 61
DCXLICZ 63 84 72 99 98
ORGACY 99 62 97 91 68
KRXVLH 75 88 86 77 99
JGGDRWA 78 88 66 72 67
JYHRORX 62 67 69 94 98
MRM 85 67 73 89 87
WEBTX 79 85 97 95 80
SKI 68 69 86 68 83
GBTQQ 100 68 79 78 95
CYFWU 91 67 83 92 65
KSU 63 72 100 65 86
NSSPLEM 87 97 95 83 95
OBT 77 75 91 65 79
LRF 93 78 83 83 95
OVQI 92 72 81 81 100
SUW 65 79 98 81 70
UXCT 66 78 78 67 83
OKTPG 80 60 98 86 71
XBDHTI 80 98 93 81 72
PTX 98 96 82 75 69
OWHSSJ 75 96 66 60 77
MRQGTY 64 92 98 98 99
XDKODW 73 66 82 71 74
BDWGK 88 78 96 73 77
AZTMMF 98 90 92 62 99
UADR 81 84 92 61 69
OZJ 81 93 87 78 71
NVGOB 97 65 96 100 88
WFJSG 65 75 79 83 60
JHVMGRF 73 93 73 62 86
OVRPJ 91 92 93 84 64
ZDP 88 63 82 62 80
RAA 77 85 64 92 71
PQQ 60 100 95 88 74
TRICLI 93 85 76 62 93
JCEV 87 72 74 79 79
NSNTD 85 91 100 77 71
KMBMM 88 78 81 69 65
PWRJTOC 63 82 63 80 67
EYREVUM 63 65 69 92 81
DRXMJ 95 90 78 95 93
TDXSFP 88 98 78 77 62
XQDLN 95 67 77 90 90
QSVIPOK 82 95 83 66 71
OGXLA 79 82 99 95 87
OJBTSGW 81 95 72 65 93
OGCQULZ 64 75 82 73 89
ZIVNTI 62 82 63 84 81
AUWL 66 68 79 76 61
ZPCNDK 85 74 64 93 64
HIXTJ 96 96 74 75 77
KMSEGX 60 69 75 85 77
KVPLUAN 98 78 86 97 90
KRWMT 96 71 66 67 71
ZMUGETA 100 67 90 82 73
MLIGD 100 80 61 66 76
QBYCQLQ 64 71 67 66 94
CRHUX 93 99 89 89 65
WNNODAB 62 94 96 65 93
NIEG 97 100 80 70 75
ZGTHEW 82 75 69 65 66
BSKYO 68 100 61 82 85
JQNFAQN 93 89 66 90 64
WGLXKV 70 63 62 69 100
BWL 69 72 71 68 63
EIGTJTV 89 100 90 87 71
NMTCP 76 90 86 77 85
PMMIF 66 62 99 100 75
GWL 85 85 83 71 82
OGB 63 90 84 98 100
RNRR 92 63 90 80 70
NSQS 100 63 79 62 94
LSA 100 93 95 81 66
UQXEC 73 60 92 62 81
STGBMY 87 62 60 64 87
EJAGI 77 96 76 63 89
LJPG 66 87 75 72 65
IFCJ 100 71 73 67 61
UFQ 61 93 78 81 84
IZU 99 96 60 79 63
WDHDC 64 63 74 64 71
KTHSQY 78 70 96 75 94
LCURJ 61 88 100 99 80
XAWLDFB 83 87 71 99 98
XCLMQYG 64 65 90 70 86
CCWFE 90 79 87 99 95
IWOBO 86 62 89 61 67
NRHZZ 99 93 70 86 97
ZGMII 88 84 66 60 66
WOBL 71 61 69 75 95
ZIOCO 81 90 88 70 93
GRDBPAI 98 98 79 90 94
BDSCKE 69 74 98 91 99
LMVDV 78 69 71 61 77
MPRC 67 70 88 70 88
JJK 99 69 96 73 91
IFOLAMH 67 74 75 78 79
QPIWKXA 91 87 91 74 96
JLUIRNY 85 66 73 84 86
ASIJWLE 74 95 92 70 60
JUYGHT 96 66 69 90 61
BTEV 96 78 95 96 62
QNSR 86 81 99 91 69
EZDUBW 81 92 93 62 67
DBCOQVX 99 87 65 79 99
AKYULKT 90 93 82 87 78
DPRP 82 87 93 81 75
ZRARXDV 87 60 80 98 60
GWOUMEB 80 69 77 73 75
OLAA 75 80 68 96 79
OKZQTBR 71 86 84 88 68
LSDAD 89 77 61 98 74
PQNQG 85 92 91 84 85
NRFLH 62 61 88 95 79
BFZLBTY 90 89 85 94 78
TIURH 90 88 89 89 70
BSBS 82 100 62 69 95
GFPWOUQ 94 99 74 61 87
EUZR 89 68 78 77 78
NWAMEU 83 69 95 99 86
NWCD 78 76 81 96 71
WIO 100 94 71 89 76
SCXIAS 84 98 68 88 62
WQDXSG 71 68 100 97 94
IGF 80 71 87 73 99
SFZ 95 67 94 81 65
TPCUJAP 95 90 95 82 100
JRG 92 64 62 90 93
ACPUET 94 64 99 97 87
KWFK 80 76 98 92 87
QPY 81 94 75 62 87
MSXYJ 65 98 96 92 65
VALP 80 75 93 60 69
KHVDTON 78 74 85 82 83
GQVIIO 87 80 63 96 94
XEXWHPH 84 66 81 94 64
HXH 75 72 66 65 64
LPL 89 76 80 66 90
NRL 76 79 73 60 97
LENZ 94 81 62 84 76
OEXLMNF 94 92 95 98 99
KVI 62 71 77 82 61
RRTMYK 80 62 64 91 86
PKZBH 65 95 73 62 69
JHVQMET 72 80 90 76 96
HUYM 83 65 84 73 70
XAZK 93 71 61 85 95
YLELA 84 100 95 62 91
YMPW 97 92 70 99 83
WEQTSXA 86 65 65 84 68
EDZD 64 78 73 88 70
XKBIR 81 86 75 64 62
RCB 96 98 86 97 81
VLSIM 77 79 85 60 93
QGOLAA 60 75 100 79 61
CRB 83 96 62 75 68
IXZW 66 79 62 64 100
BSFYZ 73 99 86 72 78
XIWPZJH 70 62 90 98 84
NNSMQUB 83 75 84 89 70
FOPKF 66 70 65 97 89
PRX 85 99 85 86 68
PQFEGMM 95 79 62 96 87
MODW 88 64 70 62 63
WWUPSUD 70 67 60 95 92
CJUVZ 94 71 63 87 96
YIGVMAI 97 94 75 69 65
JBDV 88 89 73 73 61
ZNWXLZ 75 70 72 72 69
WCVZ 98 66 86 91 64
EUK 92 70 68 67 81
CPOCLB 91 95 86 65 78
LOYTA 97 89 73 97 88
JTCE 89 92 79 96 99
SCNRDMV 63 87 67 65 64
OBLON 98 82 85 88 89
EGVR 91 81 96 83 72
RGNEWOF 77 69 71 72 77
MKDR 67 78 71 100 100
CQBYKU 85 88 100 100 94
KEJKJV 93 66 75 92 100
UMPIAUP 100 87 85 72 100
XKTXNCN 86 88 96 79 68
YXNUM 71 67 79 65 84
GDKT 70 88 63 89 68
LJGEO 91 63 87 74 74
OUTCHXG 80 72 88 85 60
KWHDXMQ 64 94 95 72 84
URZLXDD 79 61 62 82 100
MTG 74 87 68 64 83
YLTV 60 90 66 73 63
HRVBPXM 65 70 71 93 75
FOFM 80 72 88 63 71
JWNWEXQ 70 95 81 84 77
QIDYXLD 63 65 64 60 96
JKUW 66 79 69 60 64
NWXKU 63 61 97 63 91
RHHV 95 78 84 60 61
COYFMJP 62 62 95 92 66
VTGUXJZ 64 67 85 64 100
ZYPEQBT 84 66 67 100 70
FGNVTFE 76 76 97 82 75
OZLF 62 78 76 61 65
RDKUOT 100 94 93 91 77
PWMUUG 61 99 99 73 84
SJENRM 76 90 65 69 80
JFURCM 70 89 69 60 83
RWB 100 76 69 78 67
ZMMYFIZ 75 67 61 90 80
IUKD 69 86 71 61 95
FKCFS 87 84 76 84 93
PMU 73 83 63 83 67
ZDUMLT 85 92 66 68 64
YAKE 77 92 69 95 92
YYHI 74 86 75 79 91
BIP 69 99 79 89 100
DPZ 79 60 89 72 73
MEGM 65 75 98 86 95
KQVWZCA 74 64 66 88 95
QJIQBOF 76 80 97 70 87
MFHWZ 60 91 70 94 62
MNN 86 67 76 96 98
AZK 62 100 85 94 80
MCI 96 68 82 68 84
KNXTBU 92 90 91 71 64
SXXB 71 73 98 69 78
UYCIIFY 65 84 76 97 80
ODWYXY 68 90 90 68 95
OKDKPBP 100 99 95 70 91
YWL 70 76 89 93 67
NAIM 76 90 62 70 83
KBO 69 84 84 88 93
YSJG 93 86 97 100 65
HVC 78 66 75 96 72
DCKFZUM 65 85 83 69 83
WAZARC 74 68 87 74 95
IKLVDIE 75 75 79 96 66
ZIORBM 94 63 67 64 88
YMQOX 65 100 100 82 68
CVOYJ 99 71 88 92 79
JXMJ 64 87 75 92 95
PSQ 68 65 97 78 67
IMWPZ 96 80 93 75 85
QAFMDAV 95 67 89 90 83
OQXDU 81 98 84 87 96
LVC 65 60 70 98 62
XPYPHL 80 61 90 79 85
MYPAHI 89 72 80 76 60
HAXMX 67 71 61 63 89
NKHBDW 80 66 63 91 93
GGLL 75 67 96 96 76
SUF 66 74 64 62 85
UUZN 79 99 91 86 71
TRCEGO 79 97 61 83 78
YPW 86 90 72 91 74
SHAOO 85 98 95 80 82
KBZMR 96 98 88 92 95
FQH 62 86 96 74 97
EIOVCWS 98 73 90 61 89
HFUB 73 83 94 77 64
ONLG 83 70 94 90 89
DQHB 84 99 70 93 83
URPVZS 70 91 60 78 88
OJXJZU 77 69 62 79 87
SPZWJZ 94 94 89 69 73
NGFTJRQ 60 100 65 97 87
LWPNXB 60 77 78 96 91
TKHIYXV 66 84 62 62 100
VMEWR 83 96 87 83 63
KZNRXD 79 88 83 66 73
RQHZXAQ 73 72 92 82 76
TXA 94 62 90 80 85
PYDJ 84 86 85 64 94
ZLXFJC 80 86 81 87 76
SUWEXPD 60 88 100 87 96
SILCL 90 83 80 88 88
DLC 91 72 64 92 66
KSVPIZ 76 72 87 93 79
SOCJ 94 89 71 65 67
SDXWKR 65 88 97 81 84
TRDTX 68 98 91 64 81
NGO 75 64 87 70 95
ASTXKIU 79 99 79 70 86
FCR 62 98 81 85 63
PBVUFQX 86 62 89 92 60
OIACRE 99 61 92 69 99
ANVA 68 99 88 84 63
PTR 97 79 84 64 73
THHUDV 97 78 85 84 77
QPGAYX 95 91 69 88 100
YEGM 64 66 67 78 85
LVG 60 66 77 86 78
JRWS 99 61 98 89 75
JSJLX 80 83 83 88 84
RMHOB 86 63 72 60 88
JQP 80 94 81 88 98
VVNUJF 78 96 65 81 98
XOQS 91 94 63 70 94
CHHQ 65 71 98 89 95
HKJD 70 60 96 88 67
GNTYVVY 91 94 67 88 81
GPTV 62 66 60 68 63
HAVFL 75 64 61 96 69
QWU 66 64 61 77 74
DVVH 79 83 91 92 77
RAPF 75 91 76 75 99
AJG 94 62 79 76 88
GJZPHN 79 75 91 90 77
ONY 64 99 63 85 98
RWTP 62 64 91 64 82
OYQPC 85 89 75 100 63
HFNRLU 91 65 93 82 67
ONOPYVH 97 72 85 60 63
OADNBLU 77 86 84 75 87
OEUEHLP 94 85 90 64 87
QHKAWXP 90 94 80 81 87
QRFZMD 63 95 62 82 98
VKW 94 93 68 90 69
GYWAG 100 86 71 99 98
IWC 82 72 85 93 62
DYSPEUK 70 79 68 85 67
DGWDC 86 62 95 60 99
IFYXUUB 82 67 98 76 89
CLKECCN 68 97 63 84 88
RJGZL 75 98 65 75 66
BLEEXC 88 92 80 92 96
UHTZO 64 80 76 66 99
PEVG 98 71 69 75 69
HCXRNM 86 64 87 69 63
CPQ 66 63 86 85 85
MNDHMXI 78 62 92 87 81
TLTYXBC 100 90 74 76 65
GXERG 61 79 81 89 63
MGRFGM 95 90 77 100 68
LKHDZVQ 64 75 64 100 98
FFAND 65 85 98 90 74
LDBVZ 96 78 61 91 69
GAXF 96 98 97 72 69
NNJ 89 92 100 71 66
IIYT 96 88 92 96 98
LAW 96 71 63 90 62
RTHF 94 63 96 88 91
FCCR 62 85 62 76 60
TRQ 100 80 95 68 87
DFF 68 75 87 79 88
OAYKWAF 78 100 87 74 95
UIUBHYL 93 96 92 92 85
CBKJY 75 67 91 87 78
AYIJVC 68 71 87 62 67
GNSJQND 94 60 85 99 87
SFKJ 76 70 65 72 89
GMGX 61 66 83 83 88
SRYUE 65 70 91 84 88
EYWLS 78 97 83 72 92
IQPRDJE 74 65 61 82 75
IBLVMGX 87 98 95 76 63
WBS 92 60 89 69 69
NQDJUPM 96 75 87 87 90
NVPQH 72 65 84 62 68
KLCKS 71 100 63 77 72
AGFXUUO 60 77 97 97 98
FVMZEM 89 86 84 90 96
JPQWQ 73 99 82 91 84
LQW 81 99 65 99 64
RUZPMZ 98 63 83 68 95
GIORR 100 71 85 63 63
YRJ 68 88 91 75 79
KQFIALU 66 64 89 73 78
WNZ 95 68 71 85 93
KHJJ 80 68 87 94 82
SAM 87 81 89 76 86
VYJCT 72 90 85 72 69
CZC 80 80 70 70 78
TTG 81 91 75 63 82
MSEYVWU 72 88 92 68 71
CRMM 72 70 100 77 80
YVWVWHK 95 81 77 99 68
SIKBE 77 63 62 61 86
JRMYR 68 81 85 87 96
CVZ 92 93 80 64 86
VEWB 78 71 85 85 97
BGBEDDR 92 78 78 93 84
NWWW 73 95 94 70 67
WPRA 99 88 65 95 93
IYZJ 67 65 69 61 96
OHIM 73 92 75 93 70
APKQCVS 74 72 100 60 77
WWNTV 70 68 73 74 72
CXLGBVJ 76 68 80 96 71
KVMSZRC 79 66 95 88 92
DLU 85 73 61 65 93
SSZP 80 82 74 76 66
KNNMWFX 82 89 77 96 69
PIUEBR 75 72 68 95 90
HCHSI 76 80 91 62 99
IDLXDWS 97 83 75 63 60
DXCK 100 93 98 77 96
PCPWEM 94 96 93 73 90
ZRTWHP 98 69 83 73 88
PJFMFNT 78 75 69 77 83
ZPETRHY 82 80 66 70 72
QPL 71 78 79 63 85
HHJKJ 74 87 87 74 94
NXQ 64 89 99 92 87
BNTUN 67 82 74 92 63
HHZCTAE 78 81 67 87 85
XTIQPM 80 71 96 73 64
QIZOQ 88 85 86 83 99
EHDOI 87 94 79 84 86
YQWVCL 70 96 93 68 91
LEIST 62 86 94 76 65
ZSOPU 64 71 74 84 74
ESGL 76 79 72 87 87
DIDZFB 73 73 77 89 78
CRY 80 79 90 66 78
SWPLC 92 98 72 89 77
ZPQFS 60 63 72 94 65
DBT 91 100 79 88 78
KQT 88 74 72 83 81
OVO 91 91 97 77 72
YMFHOKP 95 68 64 83 67
XMPRWZM 84 74 64 97 72
KFZ 84 92 70 78 85
EAA 97 65 70 85 89
ALZWEO 72 73 92 74 78
MIGHQ 85 97 94 81 94
WSUG 84 70 76 62 67
UAUTDK 77 71 60 90 70
HNKKQ 76 70 80 98 66
TCHUK 82 65 88 98 81
QJMTLRH 73 83 62 84 93
OBZJQ 96 71 79 68 64
KPJIE 95 73 82 80 84
ZAT 87 69 85 93 64
ELXHFN 87 93 90 90 77
TXPOBMH 72 86 92 64 100
USPY 84 84 75 90 74
EXCGST 72 82 82 88 77
MZPUSW 81 60 61 76 66
HDRBN 74 61 85 60 67
FYVHR 78 61 78 60 80
OQEGT 73 88 66 88 69
ZKWYCZ 90 80 68 80 87
AETZP 74 95 60 87 93
BHTDL 60 79 95 79 78
IHKA 91 75 64 75 87
EXIVI 91 73 65 100 81
CBMQ 76 61 60 87 85
TXCJZYF 98 89 93 83 69
BSDBHB 65 69 70 76 95
FFSA 94 86 86 70 91
BPU 67 94 75 85 99
SSI 85 83 73 71 87
RNAYA 91 89 77 64 94
JDX 99 73 79 66 61
QFOZC 81 96 89 93 95
XJBL 95 60 79 67 73
AEVCP 88 75 70 69 75
PMLIWBM 84 85 83 85 73
XJG 75 78 94 81 95
JOH 91 68 93 63 79
JMHZ 70 79 81 81 96
GMRFPE 85 79 99 74 90
PSF 95 85 65 72 75
MIPTDY 67 91 72 93 98
TIOIJ 80 74 91 87 84
SORCQ 85 82 75 95 67
LULY 94 92 75 90 83
RLJLU 61 86 72 79 61
BFB 69 64 76 99 64
KRH 97 96 98 64 89
FPF 66 71 96 93 88
TJUW 64 60 100 96 66
ENPEIK 82 73 68 71 75
AYV 98 64 93 76 68
PGR 100 70 71 82 78
SOZDHZB 68 66 86 87 76
DQJ 72 82 65 67 94
LWNRGU 79 79 67 79 94
WZPA 97 96 94 66 95
SMWX 99 79 68 86 70
YSHIL 72 79 62 92 69
HNKYCC 65 61 76 90 70
ZVKK 94 70 75 99 60
CXSWPTC 67 85 64 80 75
EUAXETM 73 63 99 74 80
BRGI 92 81 82 85 94
TWK 60 86 100 68 92
QLNO 78 71 86 71 96
CQJDEZU 97 73 76 89 64
PITIAY 83 95 67 84 99
HAU 71 74 86 95 87
ZJON 64 95 82 95 84
SSRKNF 75 64 72 91 96
WLEY 71 97 80 74 97
ZEUZDC 91 61 87 98 83
VOHEJJ 95 83 72 84 89
GISSRFO 83 86 99 63 73
ZQSMJTS 64 93 81 80 69
MKLBBES 91 77 69 93 97
YWFQU 86 86 97 83 96
ONG 64 81 96 85 68
JCL 95 65 80 65 69
QVYEK 86 70 76 99 65
HLXOTSL 80 74 92 91 84
BLG 71 97 79 82 61
DDP 86 63 68 97 76
ADD 62 100 96 81 65
QPLUH 74 73 93 72 86
BWLARE 99 64 68 98 64
NFKX 95 75 67 73 91
HGUJXZK 79 72 95 62 96
RETAQGN 91 88 87 95 83
JGHIDPW 74 93 78 99 80
GWFCKZF 79 69 78 99 86
VUKUPGB 79 76 88 79 89
RWM 61 63 69 95 60
QZZMAU 91 87 93 82 92
UVOUOZ 64 72 90 88 60
CRJJ 83 89 86 65 70
HPFQDC 96 76 91 92 98
YSPQ 65 85 69 60 72
KVICTZ 94 66 89 62 88
RVY 92 62 83 100 92
JVI 81 94 88 94 74
SZHRS 94 94 71 96 66
AQMZ 70 61 88 83 94
YIRCTG 82 61 82 75 94
PJNHZS 69 76 78 80 88
LFZJ 92 64 62 64 74
TCZ 69 67 64 98 95
HXQAXF 67 84 62 77 78
VTEXGX 68 70 61 91 82
ECHSSMI 91 95 70 95 70
WSYD 71 94 81 64 63
HBV 78 95 79 85 87
ZALGP 83 66 97 91 64
XROMB 97 99 73 68 69
GFJXC 80 81 87 86 71
PHKKN 99 70 63 85 71
VDAE 77 94 75 100 99
QFGKW 73 82 76 95 60
DTLXD 86 82 85 79 86
MYHEQA 84 91 66 82 60
NIEYR 62 85 95 87 69
RGACUJ 69 67 71 83 90
MGOZPU 96 88 91 67 86
WTNIM 93 87 86 63 76
LML 94 82 77 81 71
AHYS 90 92 83 85 88
KYUD 64 99 73 93 94
FGFSTUB 61 82 74 89 77
ILR 67 95 69 95 69
TWW 73 74 76 65 84
JSNAB 99 91 77 69 81
RZYAU 67 87 68 93 76
XFOA 84 75 63 82 75
EZLAHZ 62 78 64 65 71
TASNY 63 64 62 97 99
SRSOYSD 65 87 95 62 60
QSVUD 60 62 66 74 97
YDLMSIY 77 96 92 85 87
WQZK 93 80 62 73 86
HULKK 69 66 96 82 96
ZZUET 99 85 98 76 99
ZXYAH 64 67 63 91 80
XRAAQU 87 72 100 89 71
VNT 75 71 63 92 77
ZWCYVS 81 75 88 91 76
PVCD 77 72 96 83 78
PAR 64 78 74 96 85
IRCX 94 63 75 83 92
QZMJGM 90 78 94 99 82
FWR 85 96 92 81 70
VKCH 67 71 88 87 94
QJLEKUV 70 78 66 79 95
VMIAMSR 74 65 65 96 74
DLT 87 60 81 80 92
LPKMJMG 87 61 78 74 64
RPG 91 60 95 64 89
VVKDMJ 67 81 79 65 71
EETB 95 67 94 95 95
PEE 75 89 80 93 74
FLWO 76 77 97 84 100
CDW 90 97 81 83 78
QAGIWQQ 80 91 60 95 87
OBQEIS 97 79 91 96 92
YPND 70 62 77 100 71
QQFKR 74 97 74 64 79
ZWEF 71 97 62 82 90
SHTNL 71 83 89 77 87
TSBFMWK 63 63 75 79 62
PTCY 69 78 67 82 99
BMUL 86 79 82 89 84
FBZIJ 68 77 80 79 91
KWQ 66 74 72 84 65
XPJTB 96 100 60 74 67
CUSUE 71 90 90 88 62
ZZR 81 83 90 74 70
JPRZT 62 68 83 80 69
HVAMU 85 86 82 71 98
QXHRM 92 94 90 98 69
UNMRY 84 96 60 61 86
MZY 83 62 79 100 84
GID 73 93 93 65 81
ZJPV 85 62 82 96 67
DMAYO 93 93 88 80 85
TZIGSM 77 71 89 65 94
LCTQTA 77 97 76 77 96
ETYD 66 72 93 85 90
FUGQCKC 87 66 76 87 97
VCVT 76 97 74 75 82
BATZONA 71 95 94 97 60
DOOBNFF 65 89 79 85 62
CWP 62 99 87 98 87
YQJEJEF 92 99 78 84 71
ZLANAL 73 94 94 92 68
MKX 84 80 61 61 60
MLMUED 90 81 96 88 96
GSLJ 86 70 91 86 72
BCSX 60 90 97 72 89
GVWNF 90 77 79 98 86
XOFKJ 64 78 65 68 82
WMXSU 72 90 98 68 79
BPNQSX 97 72 87 62 80
WEV 97 63 92 72 70
YBM 83 71 87 70 67
FVD 96 98 84 76 76
MHOQJG 70 87 90 75 80
QYGKTB 99 75 92 99 78
RTRYI 72 96 61 62 63
DCC 65 90 61 67 75
ZCQX 80 84 94 67 71
LBCQJE 60 78 83 87 99
WAOF 88 90 72 60 85
BHH 88 96 80 84 85
BIG 96 72 97 66 83
AYICO 85 84 73 97 77
ICJ 76 72 62 96 92
CCDYBEQ 82 61 99 76 66
IGC 97 97 61 75 77
DEVRY 87 86 81 95 83
LVL 90 83 84 75 91
ZBBDWXT 64 97 62 95 65
TOFL 63 85 77 99 68
RVCX 97 79 95 69 85
KSLNB 70 82 65 92 99
NRUDJG 68 96 63 99 91
FGUJM 82 71 97 64 83
HKTAZL 73 72 95 88 72
UJYWO 84 61 99 70 78
DHI 89 100 100 76 64
AZXWWZE 72 66 93 94 69
UQQHD 79 79 74 82 64
BXDCNDN 79 99 63 99 96
BYKQBIA 60 74 91 84 81
IUA 73 95 83 96 87
WRBS 79 95 62 89 62
CWZYY 72 62 89 65 98
IKH 94 83 97 91 90
XIKRX 70 82 92 71 60
BVBF 89 68 61 63 79
CUUN 97 62 61 96 79
MLBBNG 63 60 65 98 93
GTLLKP 62 66 96 86 74
CZXGKQO 65 78 98 73 93
QCRQDXR 75 88 98 92 64
LNLHQTP 97 71 72 77 65
XWQE 82 63 75 64 61
WWMHMJC 71 72 86 80 78
XTGTHH 97 66 88 75 98
MNMM 78 82 62 100 98
XIMHOCA 99 99 92 79 83
QIH 65 76 86 89 89
GAWUS 99 78 90 79 93
GOL 67 61 67 67 73
MDIMSZ 60 99 70 74 64
FCCYK 83 100 94 78 64
AZXQIAP 90 83 82 90 88
CVCL 90 84 61 92 97
XHSCUF 62 74 71 81 96
NGCKOA 77 78 68 68 69
OJNRBR 95 84 92 74 86
DMQDSEV 83 90 83 88 96
QABSHV 82 66 85 87 63
VNW 84 86 66 89 81
SEEOC 67 86 71 78 62
HDS 90 99 91 94 93
QCYRLI 70 82 92 87 95
AYVS 77 89 69 91 75
VIOIA 87 72 92 88 60
FXKY 63 76 80 78 93
MJAWUY 79 62 77 99 73
LOAZJ 85 75 72 97 87
UTXEJVS 61 67 81 97 94
JKCFDX 83 100 67 75 74
HXBGCT 78 99 63 78 70
BURQOE 77 91 92 67 75
PZFAHH 64 85 81 91 62
CBKV 74 78 90 71 91
GNNMBL 95 68 76 84 66
ZEC 99 66 75 78 86
BISWRPX 97 85 97 82 63
BVDTA 90 64 96 78 83
HIMTBA 81 65 61 61 92
EQJVAF 89 67 72 73 82
NRDDJO 69 84 72 75 93
TNP 84 78 81 85 99
JRAGP 80 77 82 90 85
LWTSFT 88 63 75 88 77
EHSZZH 70 98 63 68 64
ZSGWCF 84 84 79 99 76
KVTCH 78 95 99 81 86
XOLRBFI 93 91 92 90 68
RYRHFIW 89 63 79 62 81
YBLUCI 82 60 70 63 97
ESVDXOK 87 60 61 94 86
LSLVI 74 90 67 69 67
JKNJL 93 76 75 65 68
SRCTDR 90 83 93 84 62
LLBBNR 86 82 78 72 92
FWX 99 91 65 97 66
BRLOYD 98 94 93 80 85
JGSUBKQ 100 99 98 98 84
HGE 100 93 83 81 83
RKPZ 67 60 60 61 82
ULLIG 89 72 93 95 64
RFHB 81 80 75 84 71
MUTYZ 89 95 82 77 86
DZPY 88 91 71 100 77
TRNBQ 67 92 80 65 92
GVTU 92 61 72 82 60
CFVB 90 78 63 76 69
KUNN 72 67 81 67 75
UKAJ 70 63 82 77 96
WBD 66 87 61 94 79
KKP 86 69 76 95 96
DXPVDTG 63 71 64 100 98
BPV 63 82 93 80 76
IYH 96 86 78 99 88
NXJCF 70 81 71 66 94
GKXYNKV 85 75 72 64 73
CMHTKA 61 67 61 81 84
RVSM 66 69 73 62 61
MKXGUR 78 68 79 66 92
IQMDKQU 61 78 86 93 78
EAWS 80 62 74 87 84
CRN 64 98 88 85 71
ILWYE 71 92 69 84 98
BIXGWY 89 63 87 87 65
NKCKBVT 73 74 93 75 69
OWM 91 88 93 93 70
MYU 95 63 89 61 65
WZHB 88 89 92 89 61
NEJKWJ 75 80 64 96 68
COTYKC 100 70 73 72 89
QEJM 88 69 90 72 70
QWO 100 84 95 72 80
WXMA 64 80 69 97 83
LZUOF 84 77 100 77 93
EAUBSJ 72 79 90 68 92
OBCGLHY 60 69 96 67 80
VCYHPVG 77 70 62 84 76
AXGP 72 67 78 78 65
HCMHZ 73 70 97 74 74
LEZO 78 96 78 89 70
JLOZXQ 80 84 80 87 98
WVVM 89 80 90 74 96
GFTE 84 64 82 83 82
JNHL 93 86 65 63 95
BJHSEQL 97 73 93 77 64
CUY 100 94 89 99 66
JCPLL 77 87 72 78 94
STME 82 72 82 79 89
NRQG 81 63 90 92 75
YCMGMD 97 96 65 89 92
TXAPY 84 83 77 95 61
MUZYH 67 63 77 61 64
CEH 60 67 79 69 96
XOKYVD 85 87 84 63 68
UPTUI 88 88 95 72 93
HKVZUF 84 79 82 96 93
UDKBHAP 71 76 74 69 97
LMEAJ 89 91 68 62 83
ZNKCHHG 71 97 98 97 90
WFVJC 88 77 98 85 82
EMOO 99 94 86 85 70
ONSAR 60 85 87 61 97
IAPS 94 72 62 93 88
GLJ 87 94 61 80 87
KLZ 100 61 94 67 75
HYQHJT 98 78 100 85 96
DNR 66 78 92 92 80
DVT 99 78 89 90 85
OEHZUO 75 92 97 66 73
KYTKYRO 84 71 76 90 61
PMBXSGA 91 77 86 66 95
UTMHZ 70 90 91 80 67
PIA 85 70 99 99 76
KKU 87 72 73 61 76
AZAJJ 67 75 92 88 96
VLGE 76 69 69 74 80
OOY 64 87 85 72 68
PSIKEIS 65 81 82 98 83
SAQA 74 72 73 75 87
LXEXV 69 61 85 73 93
VGGKH 74 61 91 79 73
YNGGS 76 100 60 67 81
MFK 60 87 71 66 77